94 91 81 172
93 172 80 252
92 252 67 319
91 319 63 382
90 382 63 445
89 445 58 503
88 503 55 558
87 558 54 612
86 612 45 657
85 657 19 676
84 676 17 693
83 693 13 706
82 706 13 719
81 719 5 724
80 724 17 741
79 741 13 754
78 754 80 834
77 834 55 889
76 889 81 970
75 970 91 1061
74 1061 95 1156
73 1156 58 1214
72 1214 13 1227
71 1227 5 1232
70 1232 63 1295
69 1295 19 1314
68 1314 54 1368
67 1368 45 1413
66 1413 67 1480
65 1480 63 1543
64 1543 0 1543
63 1543 0 1543
62 1543 0 1543
61 1543 0 1543
60 1543 0 1543
59 1543 0 1543
58 1543 0 1543
57 1543 0 1543
56 1543 0 1543
55 1543 0 1543
54 1543 0 1543
53 1543 0 1543
52 1543 0 1543
51 1543 0 1543
50 1543 0 1543
49 1543 0 1543
48 1543 0 1543
47 1543 0 1543
46 1543 0 1543
45 1543 0 1543
44 1543 0 1543
43 1543 0 1543
42 1543 0 1543
41 1543 0 1543
40 1543 0 1543
39 1543 0 1543
38 1543 0 1543
37 1543 0 1543
36 1543 0 1543
35 1543 0 1543
34 1543 0 1543
33 1543 0 1543
32 1543 0 1543
31 1543 0 1543
30 1543 0 1543
29 1543 0 1543
28 1543 0 1543
27 1543 0 1543
26 1543 0 1543
25 1543 0 1543
24 1543 0 1543
23 1543 0 1543
22 1543 0 1543
21 1543 0 1543
20 1543 0 1543
19 1543 0 1543
18 1543 0 1543
17 1543 0 1543
16 1543 0 1543
15 1543 0 1543
14 1543 0 1543
13 1543 0 1543
12 1543 0 1543
11 1543 0 1543
10 1543 0 1543
9 1543 0 1543
8 1543 0 1543
7 1543 0 1543
6 1543 0 1543
5 1543 0 1543
4 1543 0 1543
3 1543 0 1543
2 1543 0 1543
1 1543 0 1543
0 1543 0 1543
1543
331024
